0 0 42 32 0 23 0 0 0 0 0 0 0 0 63 0
0 0 0 0 34 0 43 0 0 0 0 0 0 0 34 0
42 0 0 0 26 0 0 0 0 0 0 0 0 8 0 0
32 0 0 0 0 0 0 0 0 43 0 0 0 0 0 0
0 34 26 0 0 21 0 47 0 0 0 0 0 7 0 0
23 0 0 0 21 0 20 0 0 38 0 35 0 13 0 0
0 43 0 0 0 20 0 6 0 25 0 0 0 16 0 11
0 0 0 0 47 0 6 0 0 0 0 14 45 0 0 22
0 0 0 0 0 0 0 0 0 13 60 0 0 44 62 0
0 0 0 43 0 38 25 0 13 0 0 0 0 54 9 0
0 0 0 0 0 0 0 0 60 0 0 0 0 0 0 0
0 0 0 0 0 35 0 14 0 0 0 0 22 34 1 0
0 0 0 0 0 0 0 45 0 0 0 22 0 17 0 0
0 0 8 0 7 13 16 0 44 54 0 34 17 0 54 31
63 34 0 0 0 0 0 0 62 9 0 1 0 54 0 0
0 0 0 0 0 0 11 22 0 0 0 0 0 31 0 0