0 25 0 0 0 0 16 0 0 0 55 50 3 0 0 0 9 0 0 0 0 0 0 0 84 64 0 72 0 0 0 0 0 0 0 0 49 61 0 58 58 0 0 0 0 0 0 0 0 0 0 0 30 0 0 0 0 0 0 21 0 0 0 0
25 0 0 0 53 48 0 0 0 0 0 0 0 0 0 93 0 96 0 0 0 0 0 58 0 40 0 0 0 0 49 0 0 0 0 0 0 0 0 0 25 38 99 0 19 0 77 69 0 0 0 0 21 0 46 0 0 0 0 45 16 0 0 0
0 0 0 57 0 0 56 0 0 77 0 0 0 82 42 0 0 0 0 0 53 29 16 0 0 28 0 0 34 50 99 0 0 43 0 0 77 75 0 0 0 0 0 48 0 30 0 0 0 0 0 0 0 0 46 0 0 0 0 0 19 39 0 96
0 0 57 0 93 44 0 0 83 0 0 44 0 0 13 0 0 56 0 36 0 48 0 6 0 0 0 5 0 0 0 0 0 0 0 0 0 38 67 25 0 0 44 0 0 0 6 0 16 0 86 0 31 0 0 0 25 0 0 4 0 0 0 0
0 53 0 93 0 9 0 91 0 0 0 97 0 0 76 0 7 0 0 0 0 0 31 0 0 0 34 0 0 0 0 0 0 0 0 0 0 0 12 0 90 0 77 0 0 89 0 0 0 0 0 62 87 93 0 0 5 0 0 0 40 0 0 0
0 48 0 44 9 0 0 0 0 0 71 90 8 0 0 0 0 0 46 25 0 51 0 0 0 0 47 0 0 30 0 26 43 0 0 0 0 0 0 0 26 0 83 0 0 0 0 0 0 0 0 0 0 70 40 0 0 0 61 0 0 80 33 0
16 0 56 0 0 0 0 50 0 61 0 0 0 0 0 9 14 0 0 0 0 15 0 0 0 0 88 85 8 0 0 0 0 0 56 0 0 0 75 0 39 0 61 0 90 0 3 0 0 93 0 0 0 78 0 13 0 0 69 0 0 0 0 83
0 0 0 0 91 0 50 0 0 77 95 0 0 0 0 0 56 0 0 0 0 98 0 0 39 0 0 0 0 0 0 0 0 0 0 0 0 0 0 0 2 0 0 0 0 0 0 0 0 70 0 0 0 76 0 0 8 0 37 0 99 0 0 0
0 0 0 83 0 0 0 0 0 0 98 0 0 0 0 0 0 0 67 22 41 32 0 0 0 0 0 0 85 33 0 0 38 0 61 0 0 0 0 0 95 0 0 3 0 94 0 0 88 0 0 0 0 0 40 0 19 0 18 0 0 0 0 0
0 0 77 0 0 0 61 77 0 0 0 0 0 0 86 0 0 69 0 0 0 0 17 0 85 0 7 0 0 24 0 0 97 0 0 0 77 0 27 0 0 0 0 51 13 0 64 72 85 78 12 4 94 0 0 0 7 90 63 0 0 81 0 0
55 0 0 0 0 71 0 95 98 0 0 55 12 70 0 0 0 0 0 0 0 0 0 0 71 0 0 0 0 0 0 0 3 0 63 0 0 0 0 0 0 66 0 0 0 77 52 0 0 62 0 0 0 0 0 0 0 0 0 0 60 0 0 0
50 0 0 44 97 90 0 0 0 0 55 0 0 0 0 0 0 0 0 21 44 0 81 0 10 88 0 0 48 0 45 76 0 0 0 0 84 0 0 0 0 0 0 0 0 0 50 67 55 0 0 45 0 0 0 0 0 0 0 0 0 93 0 38
3 0 0 0 0 8 0 0 0 0 12 0 0 0 0 0 99 43 0 0 0 64 0 0 18 0 0 0 92 81 0 0 100 0 35 63 0 0 84 0 81 27 0 0 0 82 0 0 0 34 0 0 53 54 0 0 93 0 0 9 98 24 0 50
0 0 82 0 0 0 0 0 0 0 70 0 0 0 11 0 59 0 55 0 0 27 77 48 0 46 0 71 0 42 0 0 0 74 45 44 0 0 100 0 0 32 38 0 93 11 0 0 0 56 0 0 0 0 0 0 0 0 13 3 0 15 0 0
0 0 42 13 76 0 0 0 0 86 0 0 0 11 0 3 0 0 0 0 0 0 0 85 0 0 0 16 0 90 0 84 0 0 31 12 0 46 0 74 0 75 22 0 0 50 0 0 0 0 0 0 0 0 0 22 99 0 85 97 0 0 74 99
0 93 0 0 0 0 9 0 0 0 0 0 0 0 3 0 1 0 0 0 26 68 0 0 21 28 0 0 0 0 0 0 88 0 0 25 97 0 0 24 0 0 35 0 74 0 0 0 12 0 0 0 55 0 93 0 0 0 0 0 0 0 68 0
9 0 0 0 7 0 14 56 0 0 0 0 99 59 0 1 0 0 54 0 0 0 32 0 100 0 69 0 50 0 0 0 0 0 0 0 51 0 0 0 0 6 0 0 0 74 24 0 0 0 0 0 0 52 0 36 0 0 62 93 0 0 81 94
0 96 0 56 0 0 0 0 0 69 0 0 43 0 0 0 0 0 0 48 95 0 0 0 0 0 0 0 0 0 5 0 0 0 0 15 76 100 99 0 96 0 0 0 0 0 0 0 0 43 0 23 0 0 0 85 0 0 55 0 0 0 0 0
0 0 0 0 0 46 0 0 67 0 0 0 0 55 0 0 54 0 0 0 0 0 0 0 0 77 0 0 38 0 0 0 0 0 56 0 0 0 0 0 45 0 0 0 0 0 35 0 73 0 0 0 0 96 70 43 80 0 0 0 31 0 0 99
0 0 0 36 0 25 0 0 22 0 0 21 0 0 0 0 0 48 0 0 0 0 0 0 41 0 0 0 0 0 0 0 0 77 0 0 0 0 0 0 0 0 0 0 0 0 0 0 0 0 0 0 0 0 0 85 0 9 0 68 0 87 82 0
0 0 53 0 0 0 0 0 41 0 0 44 0 0 0 26 0 95 0 0 0 0 0 55 60 0 0 0 0 0 0 0 0 0 0 0 0 60 0 0 0 0 0 0 0 0 0 20 0 0 0 0 0 0 0 0 99 3 1 0 0 0 0 0
0 0 29 48 0 51 15 98 32 0 0 0 64 27 0 68 0 0 0 0 0 0 0 0 0 97 69 0 0 0 0 0 0 0 0 30 0 53 57 0 0 0 0 0 0 0 0 0 22 19 0 0 0 0 0 0 0 2 0 0 89 0 0 0
0 0 16 0 31 0 0 0 0 17 0 81 0 77 0 0 32 0 0 0 0 0 0 0 0 71 0 60 12 0 61 0 88 59 0 0 3 78 0 0 0 0 0 0 0 0 0 0 0 0 0 0 0 0 0 61 73 71 60 0 0 0 0 6
0 58 0 6 0 0 0 0 0 0 0 0 0 48 85 0 0 0 0 0 55 0 0 0 22 0 0 0 80 82 86 0 0 94 0 22 0 36 0 0 0 0 0 0 0 33 38 0 0 9 0 0 98 6 10 0 0 0 78 0 83 0 0 0
84 0 0 0 0 0 0 39 0 85 71 10 18 0 0 21 100 0 0 41 60 0 0 22 0 0 0 0 0 67 0 24 0 0 79 0 0 0 27 0 0 0 0 0 0 73 0 0 100 0 0 0 0 0 0 0 0 0 0 0 0 83 0 0
64 40 28 0 0 0 0 0 0 0 0 88 0 46 0 28 0 0 77 0 0 97 71 0 0 0 40 0 6 0 65 0 0 0 0 33 44 0 0 0 0 0 10 0 100 0 0 3 0 0 0 0 0 0 71 0 37 0 0 4 0 24 0 0
0 0 0 0 34 47 88 0 0 7 0 0 0 0 0 0 69 0 0 0 0 69 0 0 0 40 0 95 0 0 0 14 0 0 0 45 71 0 0 0 0 0 0 0 0 0 0 7 84 59 1 17 0 0 0 43 0 0 0 57 0 0 0 0
72 0 0 5 0 0 85 0 0 0 0 0 0 71 16 0 0 0 0 0 0 0 60 0 0 0 95 0 94 0 0 0 0 47 16 83 0 0 0 4 0 0 0 0 0 0 0 0 0 0 0 0 0 0 0 0 0 8 90 0 33 0 0 0
0 0 34 0 0 0 8 0 85 0 0 48 92 0 0 0 50 0 38 0 0 0 12 80 0 6 0 94 0 0 0 0 0 0 0 0 0 0 0 0 0 0 0 0 15 76 44 0 0 0 5 0 44 0 94 65 0 0 0 0 0 0 0 0
0 0 50 0 0 30 0 0 33 24 0 0 81 42 90 0 0 0 0 0 0 0 0 82 67 0 0 0 0 0 51 63 0 0 0 0 62 0 0 0 0 0 0 21 0 6 0 0 100 57 0 0 87 0 0 0 34 0 0 36 0 0 0 0
0 49 99 0 0 0 0 0 0 0 0 45 0 0 0 0 0 5 0 0 0 0 61 86 0 65 0 0 0 51 0 0 0 0 79 0 14 52 0 36 0 70 62 64 0 0 0 0 24 0 0 0 12 0 0 0 0 69 0 0 65 0 61 0
0 0 0 0 0 26 0 0 0 0 0 76 0 0 84 0 0 0 0 0 0 0 0 0 24 0 14 0 0 63 0 0 95 0 0 0 69 98 0 0 0 0 0 0 24 0 0 80 61 29 81 0 0 0 0 0 0 0 0 0 0 0 100 0
0 0 0 0 0 43 0 0 38 97 3 0 100 0 0 88 0 0 0 0 0 0 88 0 0 0 0 0 0 0 0 95 0 0 29 0 82 0 0 0 0 58 14 0 0 76 0 12 26 0 0 0 0 0 79 0 0 26 0 0 0 0 0 0
0 0 43 0 0 0 0 0 0 0 0 0 0 74 0 0 0 0 0 77 0 0 59 94 0 0 0 47 0 0 0 0 0 0 0 0 0 0 28 0 49 77 86 61 0 0 0 0 0 72 0 0 0 3 0 22 36 0 0 56 0 0 44 82
0 0 0 0 0 0 56 0 61 0 63 0 35 45 31 0 0 0 56 0 0 0 0 0 79 0 0 16 0 0 79 0 29 0 0 0 0 84 0 70 0 15 0 61 0 0 0 0 19 0 0 0 53 0 0 0 0 17 0 60 0 28 0 0
0 0 0 0 0 0 0 0 0 0 0 0 63 44 12 25 0 15 0 0 0 30 0 22 0 33 45 83 0 0 0 0 0 0 0 0 0 0 0 98 93 0 0 0 0 43 0 0 97 0 0 0 1 0 0 0 0 0 41 0 0 29 26 25
49 0 77 0 0 0 0 0 0 77 0 84 0 0 0 97 51 76 0 0 0 0 3 0 0 44 71 0 0 62 14 69 82 0 0 0 0 0 0 4 7 68 0 0 81 0 64 0 0 92 0 0 51 0 0 22 0 0 0 0 0 0 0 0
61 0 75 38 0 0 0 0 0 0 0 0 0 0 46 0 0 100 0 0 60 53 78 36 0 0 0 0 0 0 52 98 0 0 84 0 0 0 0 63 88 82 0 0 0 0 0 0 0 7 0 64 0 0 0 0 98 36 72 0 0 0 0 0
0 0 0 67 12 0 75 0 0 27 0 0 84 100 0 0 0 99 0 0 0 57 0 0 27 0 0 0 0 0 0 0 0 28 0 0 0 0 0 0 0 0 22 0 0 0 97 37 0 63 2 0 20 12 26 0 0 0 46 0 69 0 0 36
58 0 0 25 0 0 0 0 0 0 0 0 0 0 74 24 0 0 0 0 0 0 0 0 0 0 0 4 0 0 36 0 0 0 70 98 4 63 0 0 0 0 0 0 62 0 0 99 81 0 93 0 51 65 33 74 0 0 0 97 0 0 81 59
58 25 0 0 90 26 39 2 95 0 0 0 81 0 0 0 0 96 45 0 0 0 0 0 0 0 0 0 0 0 0 0 0 49 0 93 7 88 0 0 0 0 6 32 80 0 0 58 19 0 0 0 89 62 0 0 72 95 0 0 0 0 0 26
0 38 0 0 0 0 0 0 0 0 66 0 27 32 75 0 6 0 0 0 0 0 0 0 0 0 0 0 0 0 70 0 58 77 15 0 68 82 0 0 0 0 0 12 0 2 48 0 0 24 0 70 0 0 0 0 59 0 0 0 8 0 0 0
0 99 0 44 77 83 61 0 0 0 0 0 0 38 22 35 0 0 0 0 0 0 0 0 0 10 0 0 0 0 62 0 14 86 0 0 0 0 22 0 6 0 0 0 0 0 0 56 20 0 0 0 76 0 0 74 0 0 0 0 0 0 0 0
0 0 48 0 0 0 0 0 3 51 0 0 0 0 0 0 0 0 0 0 0 0 0 0 0 0 0 0 0 21 64 0 0 61 61 0 0 0 0 0 32 12 0 0 0 0 0 1 85 38 0 0 0 0 22 28 0 0 49 95 0 11 0 0
0 19 0 0 0 0 90 0 0 13 0 0 0 93 0 74 0 0 0 0 0 0 0 0 0 100 0 0 15 0 0 24 0 0 0 0 81 0 0 62 80 0 0 0 0 0 0 77 0 0 61 0 0 57 0 0 0 0 9 0 0 0 0 31
0 0 30 0 89 0 0 0 94 0 77 0 82 11 50 0 74 0 0 0 0 0 0 33 73 0 0 0 76 6 0 0 76 0 0 43 0 0 0 0 0 2 0 0 0 0 0 89 5 84 0 0 89 0 0 19 0 0 79 0 16 0 8 0
0 77 0 6 0 0 3 0 0 64 52 50 0 0 0 0 24 0 35 0 0 0 0 38 0 0 0 0 44 0 0 0 0 0 0 0 64 0 97 0 0 48 0 0 0 0 0 46 21 90 22 0 16 0 0 0 0 0 0 0 0 0 0 0
0 69 0 0 0 0 0 0 0 72 0 67 0 0 0 0 0 0 0 0 20 0 0 0 0 3 7 0 0 0 0 80 12 0 0 0 0 0 37 99 58 0 56 1 77 89 46 0 4 84 0 0 0 0 0 0 0 0 0 0 3 0 0 0
0 0 0 16 0 0 0 0 88 85 0 55 0 0 0 12 0 0 73 0 0 22 0 0 100 0 84 0 0 100 24 61 26 0 19 97 0 0 0 81 19 0 20 85 0 5 21 4 0 59 0 34 0 86 0 12 32 0 0 0 0 27 0 0
0 0 0 0 0 0 93 70 0 78 62 0 34 56 0 0 0 43 0 0 0 19 0 9 0 0 59 0 0 57 0 29 0 72 0 0 92 7 63 0 0 24 0 38 0 84 90 84 59 0 12 62 95 0 0 0 0 42 0 94 1 0 0 0
0 0 0 86 0 0 0 0 0 12 0 0 0 0 0 0 0 0 0 0 0 0 0 0 0 0 1 0 5 0 0 81 0 0 0 0 0 0 2 93 0 0 0 0 61 0 22 0 0 12 0 18 83 5 0 32 94 0 0 0 0 96 78 0
0 0 0 0 62 0 0 0 0 4 0 45 0 0 0 0 0 23 0 0 0 0 0 0 0 0 17 0 0 0 0 0 0 0 0 0 0 64 0 0 0 70 0 0 0 0 0 0 34 62 18 0 0 0 0 0 0 4 0 0 0 0 0 0
30 21 0 31 87 0 0 0 0 94 0 0 53 0 0 55 0 0 0 0 0 0 0 98 0 0 0 0 44 87 12 0 0 0 53 1 51 0 20 51 89 0 76 0 0 89 16 0 0 95 83 0 0 0 0 0 0 0 0 0 0 0 0 5
0 0 0 0 93 70 78 76 0 0 0 0 54 0 0 0 52 0 96 0 0 0 0 6 0 0 0 0 0 0 0 0 0 3 0 0 0 0 12 65 62 0 0 0 57 0 0 0 86 0 5 0 0 0 0 0 0 0 25 0 74 11 45 80
0 46 46 0 0 40 0 0 40 0 0 0 0 0 0 93 0 0 70 0 0 0 0 10 0 71 0 0 94 0 0 0 79 0 0 0 0 0 26 33 0 0 0 22 0 0 0 0 0 0 0 0 0 0 0 0 37 0 0 21 0 84 58 0
0 0 0 0 0 0 13 0 0 0 0 0 0 0 22 0 36 85 43 85 0 0 61 0 0 0 43 0 65 0 0 0 0 22 0 0 22 0 0 74 0 0 74 28 0 19 0 0 12 0 32 0 0 0 0 0 0 0 0 0 0 0 0 0
0 0 0 25 5 0 0 8 19 7 0 0 93 0 99 0 0 0 80 0 99 0 73 0 0 37 0 0 0 34 0 0 0 36 0 0 0 98 0 0 72 59 0 0 0 0 0 0 32 0 94 0 0 0 37 0 0 98 5 0 0 0 0 0
0 0 0 0 0 0 0 0 0 90 0 0 0 0 0 0 0 0 0 9 3 2 71 0 0 0 0 8 0 0 69 0 26 0 17 0 0 36 0 0 95 0 0 0 0 0 0 0 0 42 0 4 0 0 0 0 98 0 55 0 0 0 0 84
0 0 0 0 0 61 69 37 18 63 0 0 0 13 85 0 62 55 0 0 1 0 60 78 0 0 0 90 0 0 0 0 0 0 0 41 0 72 46 0 0 0 0 49 9 79 0 0 0 0 0 0 0 25 0 0 5 55 0 0 0 0 48 0
21 45 0 4 0 0 0 0 0 0 0 0 9 3 97 0 93 0 0 68 0 0 0 0 0 4 57 0 0 36 0 0 0 56 60 0 0 0 0 97 0 0 0 95 0 0 0 0 0 94 0 0 0 0 21 0 0 0 0 0 0 0 0 0
0 16 19 0 40 0 0 99 0 0 60 0 98 0 0 0 0 0 31 0 0 89 0 83 0 0 0 33 0 0 65 0 0 0 0 0 0 0 69 0 0 8 0 0 0 16 0 3 0 1 0 0 0 74 0 0 0 0 0 0 0 0 0 38
0 0 39 0 0 80 0 0 0 81 0 93 24 15 0 0 0 0 0 87 0 0 0 0 83 24 0 0 0 0 0 0 0 0 28 29 0 0 0 0 0 0 0 11 0 0 0 0 27 0 96 0 0 11 84 0 0 0 0 0 0 0 0 0
0 0 0 0 0 33 0 0 0 0 0 0 0 0 74 68 81 0 0 82 0 0 0 0 0 0 0 0 0 0 61 100 0 44 0 26 0 0 0 81 0 0 0 0 0 8 0 0 0 0 78 0 0 45 58 0 0 0 48 0 0 0 0 6
0 0 96 0 0 0 83 0 0 0 0 38 50 0 99 0 94 0 99 0 0 0 6 0 0 0 0 0 0 0 0 0 0 82 0 25 0 0 36 59 26 0 0 0 31 0 0 0 0 0 0 0 5 80 0 0 0 84 0 0 38 0 6 0