0 0 0 0 0 0 64 0 0 0 0 0 0 0 0 0 0 0 0 0 0 0 0 0 0 0 0 9 0 51 0 0 0 0 0 0 40 0 0 0 90 0 0 55 83 0 85 0 0 0 89 0 0 0 33 38 47 0 43 13 0 0 0 0 0 3 0 21 0 0 0 0 0 0 33 0 0 0 0 97 37 0 0 0 0 0 0 0 0 0 0 0 0 69 0 0 27 0 56 0 85 0 53 0 31 0 0 31 12 0 0 0 0 0 0 0 57 79 0 0 0 0 0 0 0 82 40 0 
0 0 9 0 19 0 0 0 0 39 0 58 0 0 0 65 0 0 0 95 32 0 86 0 66 0 0 0 0 0 0 21 26 0 0 60 0 0 33 0 0 0 0 0 67 77 0 44 0 0 58 0 0 0 0 0 0 0 43 0 0 0 0 88 31 92 0 0 0 0 0 0 0 0 0 77 37 29 0 0 0 95 3 0 0 0 0 2 0 0 0 0 0 0 98 0 62 0 0 0 0 0 75 0 0 0 38 0 49 0 0 99 0 0 86 97 17 0 0 56 53 0 0 0 11 0 0 0 
0 9 0 0 97 0 0 0 0 0 0 90 0 0 0 0 96 0 0 39 0 0 0 4 0 0 0 0 0 0 0 0 0 0 0 0 0 0 48 0 75 98 0 0 0 0 0 0 0 4 0 0 0 0 77 0 0 0 0 0 0 0 0 59 22 0 0 0 0 0 0 0 0 72 0 0 0 0 0 0 0 11 0 91 0 0 0 0 61 0 0 0 100 26 0 19 0 0 0 0 0 0 27 88 0 34 0 0 0 0 0 0 0 0 86 53 0 0 0 77 0 0 0 0 0 88 0 0 
0 0 0 0 87 27 0 0 0 11 0 0 0 0 23 0 0 0 38 9 0 0 0 0 32 0 0 60 88 0 0 25 0 0 0 92 44 0 0 0 99 0 0 9 0 0 0 66 38 40 0 0 35 81 0 0 63 0 0 0 41 0 0 0 0 0 0 0 0 86 1 0 76 0 71 24 0 0 49 0 0 0 86 0 0 0 78 0 0 0 0 0 0 0 0 0 59 0 0 81 21 44 0 70 41 0 0 7 0 0 0 0 0 0 99 0 0 0 0 0 9 0 0 0 0 0 0 49 
0 19 97 87 0 98 0 23 0 0 0 44 0 0 0 69 0 0 0 0 42 0 33 0 0 81 0 0 0 0 0 59 0 23 99 0 0 14 0 0 0 26 0 0 0 0 0 0 41 0 0 0 0 0 41 0 24 23 0 0 0 0 0 53 0 15 0 0 99 0 0 0 44 0 89 0 0 0 0 0 0 0 0 69 0 0 0 0 0 0 0 0 0 58 0 81 0 79 0 0 0 0 98 68 0 0 0 10 39 0 0 0 0 0 0 41 39 0 0 0 0 0 0 0 0 0 14 0 
0 0 0 27 98 0 0 74 0 26 0 0 0 0 0 0 0 55 0 0 0 0 0 0 0 66 0 52 0 25 0 0 0 0 0 46 0 0 0 68 91 27 0 0 0 0 0 67 0 0 0 0 0 55 0 12 0 0 0 85 0 51 30 0 0 0 89 0 0 0 0 85 0 0 0 100 0 0 0 19 80 0 0 0 53 67 0 0 0 35 0 0 0 0 0 0 0 0 0 0 0 0 0 0 0 0 0 0 0 0 0 0 67 0 96 0 0 100 0 0 0 0 0 0 0 0 0 0 
64 0 0 0 0 0 0 0 40 0 0 0 0 2 0 0 97 44 41 0 0 0 0 0 40 0 63 0 0 0 0 19 16 24 52 42 0 0 0 0 44 0 6 0 0 0 28 17 0 0 70 0 0 30 0 0 0 0 41 53 16 0 0 0 0 0 43 0 0 0 0 0 0 0 0 100 0 0 51 0 0 0 0 0 0 0 0 0 0 62 77 0 0 0 0 0 0 0 0 0 0 0 96 0 27 0 0 87 0 0 0 0 0 0 0 0 0 81 0 0 0 0 0 0 0 0 0 5 
0 0 0 0 23 74 0 0 0 0 0 63 0 0 0 0 0 0 0 61 0 67 0 0 0 0 0 0 65 0 0 0 86 7 98 0 0 40 0 0 0 18 0 0 26 51 57 71 92 0 0 0 0 0 0 0 0 0 0 0 0 0 25 0 0 0 9 0 68 0 0 99 0 80 0 0 0 59 0 0 0 29 0 0 74 0 75 94 0 0 40 0 18 0 0 0 0 0 0 0 61 0 0 0 0 41 74 92 0 0 24 0 0 0 41 0 0 0 0 0 0 0 0 0 57 0 0 20 
0 0 0 0 0 0 40 0 0 99 0 0 0 0 0 0 53 0 37 0 0 0 0 0 15 0 0 0 0 0 0 0 2 0 0 0 0 0 0 0 0 0 0 0 0 0 0 0 96 0 74 0 0 0 30 12 0 28 0 0 0 0 56 88 0 0 81 0 0 20 0 0 0 0 0 9 0 16 92 0 32 0 0 0 72 0 0 0 0 0 0 0 46 97 0 0 88 2 0 71 0 0 0 13 0 0 84 0 21 0 0 76 0 0 0 0 95 41 34 0 0 0 35 61 0 0 0 0 
0 39 0 11 0 26 0 0 99 0 93 0 0 0 0 0 27 0 69 0 0 0 4 0 92 0 0 0 0 0 0 0 0 0 0 0 0 0 0 0 26 0 84 0 0 0 0 0 0 47 41 91 0 47 0 0 0 0 0 0 58 0 0 0 0 0 0 0 0 0 0 89 29 0 0 0 0 0 4 0 0 0 0 0 0 17 0 30 0 0 70 0 50 0 0 0 0 0 0 0 0 0 0 0 0 0 0 0 0 28 29 73 0 0 0 0 69 23 66 0 0 0 0 75 20 0 0 11 
0 0 0 0 0 0 0 0 0 93 0 0 0 0 0 0 98 78 0 0 0 0 0 0 42 0 0 0 51 0 0 3 41 0 0 0 0 96 33 0 0 92 0 0 0 0 0 0 0 0 0 0 0 0 0 0 0 0 9 0 0 5 0 0 0 0 0 67 0 98 0 96 0 0 0 0 0 0 19 0 0 0 30 29 0 0 0 0 82 0 0 0 6 0 0 0 0 0 0 0 0 81 82 0 0 4 0 0 0 0 0 0 46 0 50 0 0 0 0 0 68 0 0 40 0 0 0 0 
0 58 90 0 44 0 0 63 0 0 0 0 75 0 0 0 0 0 27 40 0 0 32 0 0 55 0 12 94 0 0 49 0 0 0 0 0 0 0 0 77 0 0 0 84 0 0 93 0 0 0 0 0 0 0 0 0 0 0 0 0 0 0 25 47 0 0 0 0 0 79 0 0 0 0 0 84 0 0 0 0 69 0 0 0 0 0 0 0 0 0 0 0 76 100 33 0 0 0 88 0 3 4 0 0 0 0 63 0 0 0 7 67 0 0 0 0 0 82 0 0 0 58 0 0 0 0 0 
0 0 0 0 0 0 0 0 0 0 0 75 0 0 76 96 0 0 0 0 0 0 0 86 0 64 69 0 0 0 0 0 0 0 0 0 58 0 21 0 0 0 0 0 0 0 0 0 0 64 88 0 0 85 0 0 3 0 0 93 0 62 13 0 0 0 0 0 28 0 15 32 0 0 0 20 0 0 79 0 16 0 7 41 0 0 60 0 0 0 0 0 0 0 0 0 0 0 0 51 6 94 31 8 0 0 0 0 0 0 0 0 0 0 69 0 23 9 0 0 0 100 14 0 33 0 0 21 
0 0 0 0 0 0 2 0 0 0 0 0 0 0 43 0 0 0 0 0 0 0 52 0 0 0 0 0 0 0 0 5 0 0 98 0 83 0 0 0 9 45 0 0 0 0 0 30 92 12 0 0 40 0 0 0 87 73 0 47 0 78 0 0 0 0 0 0 0 0 0 0 20 76 0 0 0 0 79 0 29 0 0 86 0 0 0 3 0 0 38 0 0 10 0 0 0 91 0 0 0 0 0 0 0 0 68 0 0 42 0 0 0 0 0 0 71 4 0 100 0 0 0 14 0 0 56 0 
0 0 0 23 0 0 0 0 0 0 0 0 76 43 0 0 0 0 0 0 0 0 0 0 0 0 0 0 0 0 0 0 0 0 0 0 0 0 0 0 0 0 0 0 0 0 0 0 76 0 68 8 0 0 0 46 28 0 73 0 12 77 0 74 0 0 0 0 0 92 0 0 0 60 0 0 0 80 0 85 0 0 0 0 0 1 0 30 80 59 0 0 0 0 22 0 24 48 0 0 43 0 0 0 59 0 0 0 8 0 46 0 41 0 0 83 0 0 0 0 0 74 0 0 0 0 0 0 
0 65 0 0 69 0 0 0 0 0 0 0 96 0 0 0 0 0 0 0 0 0 0 0 88 0 0 0 0 0 0 0 0 18 0 67 0 0 0 0 29 0 0 0 0 80 0 0 0 0 0 0 0 0 0 0 0 0 0 0 0 0 74 34 0 0 0 0 0 0 0 0 0 0 89 0 0 0 0 0 82 0 0 44 0 0 0 73 0 0 0 0 0 0 63 0 96 0 0 24 65 0 0 0 0 34 0 100 0 0 0 0 0 0 0 0 81 65 20 87 0 0 0 0 0 0 0 0 
0 0 96 0 0 0 97 0 53 27 98 0 0 0 0 0 0 0 0 0 0 0 0 0 0 0 0 0 79 0 0 0 0 0 44 0 0 0 0 0 0 0 0 0 0 0 0 36 0 0 0 1 0 0 87 66 0 0 0 0 0 0 0 0 0 90 0 57 0 0 0 0 19 0 9 0 0 0 13 0 0 0 0 53 0 0 0 0 82 0 0 95 30 0 0 69 0 0 100 0 21 76 0 0 0 14 0 0 0 0 26 0 0 0 0 0 0 0 13 57 70 0 33 81 12 0 0 0 
0 0 0 0 0 55 44 0 0 0 78 0 0 0 0 0 0 0 0 0 0 0 0 0 0 0 0 36 0 0 0 0 61 0 92 19 52 18 0 0 82 39 74 91 0 0 61 0 0 0 37 0 0 0 0 0 0 0 80 0 9 0 0 0 0 94 0 0 0 0 0 0 0 17 0 0 14 0 0 0 0 0 0 0 0 0 0 0 95 0 42 39 74 48 72 0 0 0 0 0 0 0 0 0 0 0 2 0 98 0 0 0 0 0 0 5 0 0 0 11 0 0 0 19 0 0 100 49 
0 0 0 38 0 0 41 0 37 69 0 27 0 0 0 0 0 0 0 70 0 0 0 0 40 0 0 0 0 9 43 55 0 99 0 97 0 65 0 54 0 0 0 17 0 0 43 0 0 0 0 0 0 22 0 0 0 0 0 0 0 0 0 32 0 83 0 0 0 0 0 22 0 0 0 0 0 0 0 0 0 0 0 0 0 60 0 1 0 0 0 0 0 74 0 83 18 25 0 0 0 45 0 0 0 0 0 0 0 84 0 0 59 0 0 0 0 0 87 82 0 0 0 0 0 0 0 0 
0 95 39 9 0 0 0 61 0 0 0 40 0 0 0 0 0 0 70 0 0 0 0 13 0 19 0 0 0 35 0 6 0 0 0 0 0 0 3 46 87 37 0 0 0 0 73 0 73 0 90 0 0 67 0 0 38 0 0 34 0 8 0 53 0 0 0 0 0 0 0 0 0 0 0 0 0 0 0 0 0 0 0 0 0 70 0 0 0 0 50 0 0 0 0 0 0 69 98 0 0 6 50 0 0 84 0 96 37 55 0 0 0 67 0 0 33 0 35 0 0 19 0 0 0 0 0 0 
0 32 0 0 42 0 0 0 0 0 0 0 0 0 0 0 0 0 0 0 0 75 31 56 0 0 0 0 0 0 19 0 0 0 0 0 0 0 0 0 0 0 0 0 0 21 0 0 0 0 0 0 58 80 32 0 45 0 0 0 85 35 42 0 0 52 63 0 0 35 32 0 0 0 0 0 8 0 0 0 0 0 0 0 0 23 0 0 0 0 0 0 0 0 74 0 0 0 0 0 59 0 0 54 79 0 0 0 0 0 0 0 0 0 0 0 0 0 0 0 55 60 0 0 0 0 0 0 
0 0 0 0 0 0 0 67 0 0 0 0 0 0 0 0 0 0 0 0 75 0 0 81 10 0 0 0 0 0 0 0 0 0 0 60 0 0 0 0 59 0 0 0 34 0 0 60 0 98 0 0 0 0 78 0 96 0 0 38 0 0 0 87 0 0 0 0 0 33 49 0 0 92 0 0 0 0 0 36 92 0 0 29 0 0 0 0 0 0 0 31 1 0 0 0 0 0 80 0 35 0 0 28 0 0 0 0 21 0 0 10 60 0 0 0 0 0 0 0 0 0 0 0 75 0 0 37 
0 86 0 0 33 0 0 0 0 4 0 32 0 52 0 0 0 0 0 0 31 0 0 87 0 0 0 0 0 0 10 0 0 1 0 87 2 47 0 77 0 84 0 0 0 0 0 0 0 0 58 0 0 0 77 0 0 0 0 0 0 0 0 95 0 67 0 1 0 37 0 0 85 0 0 37 0 97 0 38 0 0 0 0 0 0 100 0 0 45 0 0 0 0 0 0 0 0 0 0 0 0 0 18 0 0 0 0 0 0 0 59 35 0 97 0 0 0 49 0 0 0 0 71 0 27 0 0 
0 0 4 0 0 0 0 0 0 0 0 0 86 0 0 0 0 0 0 13 56 81 87 0 100 46 0 0 0 0 0 0 0 80 0 0 0 0 0 0 0 0 0 0 95 63 26 0 0 0 0 0 0 0 0 0 0 0 0 0 0 0 0 100 98 0 30 0 0 0 0 70 38 0 10 0 0 40 0 0 11 0 63 0 0 81 0 0 2 83 0 0 0 0 0 0 13 0 0 0 0 0 54 0 0 0 0 0 0 0 53 0 83 31 0 0 0 71 0 0 71 0 69 51 0 0 0 59 
0 66 0 32 0 0 40 0 15 92 42 0 0 0 0 88 0 0 40 0 0 10 0 100 0 76 0 34 86 0 0 0 0 0 0 0 51 34 0 0 0 0 0 5 32 6 0 0 0 74 0 0 0 0 0 0 0 0 0 0 66 0 0 0 0 0 0 0 80 97 0 0 0 0 0 0 0 0 0 0 93 0 0 0 0 18 0 0 0 0 0 0 0 0 21 63 0 0 0 0 0 0 26 0 73 0 0 0 0 0 0 61 52 0 0 0 0 0 0 0 57 57 0 0 0 60 0 0 
0 0 0 0 81 66 0 0 0 0 0 55 64 0 0 0 0 0 0 19 0 0 0 46 76 0 0 0 0 0 0 0 0 97 0 0 51 0 0 0 0 0 35 0 0 0 0 0 0 0 35 0 0 0 0 0 0 69 0 70 0 0 0 0 0 0 21 0 60 0 0 0 0 0 0 22 0 72 0 100 0 0 58 0 0 0 0 0 0 0 0 32 29 37 56 0 15 0 0 0 0 0 0 36 0 0 15 0 0 0 0 0 0 67 0 53 0 0 45 0 49 0 0 0 0 0 0 0 
0 0 0 0 0 0 63 0 0 0 0 0 69 0 0 0 0 0 0 0 0 0 0 0 0 0 0 0 0 53 0 0 0 0 0 91 0 10 0 7 0 0 0 52 0 0 0 0 0 0 53 0 51 0 0 0 0 42 0 0 0 0 0 87 0 0 50 0 0 0 0 0 0 3 0 0 0 98 5 0 0 0 0 47 0 30 0 0 0 0 0 0 0 40 0 0 84 0 0 0 0 0 0 0 0 0 44 0 0 0 69 0 0 0 0 25 0 0 0 70 55 0 0 0 0 18 24 0 
9 0 0 60 0 52 0 0 0 0 0 12 0 0 0 0 0 36 0 0 0 0 0 0 34 0 0 0 0 0 0 0 98 0 39 8 0 0 0 34 0 76 0 0 0 0 0 0 0 54 0 0 0 81 0 0 0 0 0 0 0 0 0 0 0 0 0 12 0 0 41 0 15 0 60 0 0 0 78 75 0 31 73 0 47 0 26 68 81 5 14 0 0 0 0 57 0 0 0 0 0 50 18 0 51 0 0 90 0 85 0 0 0 0 0 0 78 0 0 0 0 0 0 0 0 0 0 91 
0 0 0 88 0 0 0 65 0 0 51 94 0 0 0 0 79 0 0 0 0 0 0 0 86 0 0 0 0 0 0 0 0 0 0 0 0 0 0 0 44 0 0 0 0 0 0 0 0 0 0 0 0 0 0 0 0 0 0 0 0 0 0 62 0 0 17 0 0 24 0 0 0 24 0 0 62 0 0 0 0 0 0 56 0 0 0 0 0 0 0 0 0 0 0 0 0 0 0 0 0 67 0 0 0 30 0 0 0 0 47 0 0 0 0 0 0 0 0 0 0 0 0 18 4 0 0 0 
51 0 0 0 0 25 0 0 0 0 0 0 0 0 0 0 0 0 9 35 0 0 0 0 0 0 53 0 0 0 77 0 45 0 0 0 0 4 0 77 1 0 57 0 0 0 0 0 0 0 0 0 0 0 36 0 0 13 0 0 0 0 0 0 0 0 0 0 0 0 0 37 17 0 39 0 0 0 0 13 37 0 0 0 11 24 17 82 0 0 0 0 0 0 5 0 31 0 0 0 27 0 69 0 0 0 0 0 0 0 49 0 0 0 0 0 0 0 0 0 0 0 99 49 0 0 92 0 
0 0 0 0 0 0 0 0 0 0 0 0 0 0 0 0 0 0 43 0 19 0 10 0 0 0 0 0 0 77 0 97 0 42 0 0 0 35 0 0 100 0 0 0 0 0 0 0 0 22 0 0 0 0 0 0 4 0 0 0 2 43 0 0 0 0 95 13 0 0 0 0 0 0 0 0 0 0 0 70 64 0 0 0 0 0 0 49 0 0 0 5 0 0 0 27 82 61 0 28 45 61 26 0 0 0 0 0 0 0 0 0 83 21 0 0 36 0 0 0 93 0 74 0 55 67 0 34 
0 21 0 25 59 0 19 0 0 0 3 49 0 5 0 0 0 0 55 6 0 0 0 0 0 0 0 0 0 0 97 0 56 61 0 0 0 0 0 2 2 0 0 0 73 0 0 0 0 0 0 0 0 8 0 30 0 0 0 0 0 14 0 87 0 20 59 0 0 0 0 16 0 0 0 19 0 0 0 74 0 88 0 36 8 0 82 64 77 0 0 58 6 0 87 93 0 0 0 0 71 84 0 32 0 0 57 0 0 0 0 0 0 82 0 0 59 0 0 0 0 0 0 0 0 0 0 0 
0 26 0 0 0 0 16 86 2 0 41 0 0 0 0 0 0 61 0 0 0 0 0 0 0 0 0 98 0 45 0 56 0 0 0 0 79 99 0 0 0 0 0 0 0 0 6 0 0 0 0 0 76 78 0 30 0 0 0 0 0 0 8 0 0 68 0 73 0 0 33 0 0 0 11 82 13 0 4 0 0 0 0 0 0 0 0 0 0 89 0 0 0 0 0 0 0 0 0 0 0 0 0 0 61 0 57 62 28 0 54 42 71 0 0 0 0 37 20 0 0 0 0 0 0 0 0 0 
0 0 0 0 23 0 24 7 0 0 0 0 0 0 0 18 0 0 99 0 0 0 1 80 0 97 0 0 0 0 42 61 0 0 63 25 0 0 0 84 0 50 0 23 0 0 82 0 0 0 0 0 0 0 0 0 89 38 36 0 0 0 0 0 0 14 0 0 0 0 0 0 0 7 0 0 0 0 0 51 0 0 99 0 42 0 46 0 0 0 0 75 0 0 0 0 0 0 49 0 0 98 0 25 0 0 0 0 63 78 0 0 0 0 0 0 52 0 0 0 0 0 0 0 88 1 70 27 
0 0 0 0 99 0 52 98 0 0 0 0 0 98 0 0 44 92 0 0 0 0 0 0 0 0 0 39 0 0 0 0 0 63 0 0 0 0 0 0 0 0 0 0 0 96 0 0 0 0 45 0 0 0 0 0 0 0 0 0 0 0 0 0 4 0 0 0 0 0 0 0 40 0 0 0 27 0 38 0 61 90 0 0 0 0 72 0 95 0 0 11 0 24 42 0 0 0 0 0 0 0 0 0 0 71 0 0 0 24 0 35 0 0 17 0 0 0 0 0 5 0 0 0 89 63 0 0 
0 60 0 92 0 46 42 0 0 0 0 0 0 0 0 67 0 19 97 0 0 60 87 0 0 0 91 8 0 0 0 0 0 25 0 0 0 0 12 0 0 0 0 0 34 0 19 37 18 0 0 0 44 0 0 0 0 0 0 0 0 0 0 0 47 0 0 0 0 48 0 0 0 0 0 49 0 0 0 0 86 55 0 0 42 0 0 5 52 0 0 0 0 10 0 0 0 0 0 0 0 0 0 29 0 0 0 0 0 0 0 61 0 2 0 32 22 0 0 0 0 0 0 0 0 0 0 4 
40 0 0 44 0 0 0 0 0 0 0 0 58 83 0 0 0 52 0 0 0 0 2 0 51 51 0 0 0 0 0 0 79 0 0 0 0 0 0 73 0 0 90 52 31 0 0 42 0 45 0 0 0 0 0 0 0 0 14 0 0 0 0 0 0 0 0 0 0 4 0 6 0 0 19 0 0 0 0 0 0 0 0 68 0 0 0 0 0 0 0 0 0 0 0 0 0 0 0 4 20 0 0 0 0 0 0 0 53 0 92 34 0 0 44 0 53 0 17 0 0 0 0 0 0 0 0 0 
0 0 0 0 14 0 0 40 0 0 96 0 0 0 0 0 0 18 65 0 0 0 47 0 34 0 10 0 0 4 35 0 99 0 0 0 0 0 0 0 0 0 0 0 0 0 0 0 31 0 0 96 0 0 0 0 0 0 73 0 65 77 0 0 0 42 35 0 0 0 0 0 0 7 0 0 0 0 0 0 0 0 0 0 0 49 77 0 0 0 0 0 37 0 0 72 0 0 21 0 0 0 0 0 47 57 0 26 0 0 0 11 30 0 0 0 0 91 65 0 0 0 0 0 0 38 0 0 
0 33 48 0 0 0 0 0 0 0 33 0 21 0 0 0 0 0 0 3 0 0 0 0 0 0 0 0 0 0 0 0 0 0 0 12 0 0 0 0 0 30 0 0 0 34 0 0 0 77 0 0 0 0 0 0 86 0 0 0 0 84 0 0 0 24 0 64 0 0 0 0 0 50 0 0 0 58 0 0 0 88 0 0 0 0 52 0 57 0 0 0 43 0 81 0 0 89 0 0 90 21 0 0 0 0 0 0 0 9 0 0 0 24 0 0 0 0 0 0 0 0 68 0 0 0 24 0 
0 0 0 0 0 68 0 0 0 0 0 0 0 0 0 0 0 0 54 46 0 0 77 0 0 0 7 34 0 77 0 2 0 84 0 0 73 0 0 0 0 0 0 0 0 0 99 0 0 22 0 0 40 0 0 0 0 0 52 59 94 34 0 56 0 0 0 0 0 3 0 42 0 0 0 0 49 28 10 99 0 0 0 29 0 0 0 82 25 0 0 0 0 0 76 0 0 0 0 38 0 0 0 0 0 0 0 0 0 95 0 17 0 14 86 57 74 86 0 0 0 0 3 17 0 0 0 0 
90 0 75 99 0 91 44 0 0 26 0 77 0 9 0 29 0 82 0 87 0 59 0 0 0 0 0 0 44 1 100 2 0 0 0 0 0 0 0 0 0 0 0 0 0 63 0 0 0 0 0 89 0 0 70 0 0 0 0 0 0 0 0 49 0 0 56 0 0 0 0 90 0 0 0 0 0 0 62 0 0 0 99 0 0 0 0 5 0 47 0 0 2 0 0 0 0 0 66 0 0 0 0 0 67 0 0 0 0 0 0 0 0 0 0 78 25 15 0 22 77 0 91 69 0 0 0 0 
0 0 98 0 26 27 0 18 0 0 92 0 0 45 0 0 0 39 0 37 0 0 84 0 0 0 0 76 0 0 0 0 0 50 0 0 0 0 30 0 0 0 0 0 75 73 0 0 0 0 16 0 24 0 0 89 77 0 0 0 0 0 0 8 0 0 0 15 10 0 0 0 0 0 0 0 0 0 0 0 0 50 0 0 0 0 0 0 0 74 0 52 0 20 28 87 0 0 0 0 22 0 0 62 29 0 0 0 0 0 0 0 0 0 0 0 0 0 0 82 0 0 0 0 0 81 13 17 
0 0 0 0 0 0 6 0 0 84 0 0 0 0 0 0 0 74 0 0 0 0 0 0 0 35 0 0 0 57 0 0 0 0 0 0 90 0 0 0 0 0 0 0 98 0 0 0 0 0 0 0 0 0 0 0 0 95 0 12 0 0 0 55 0 0 14 0 0 0 0 20 2 88 95 0 0 0 0 0 0 0 0 94 0 0 59 0 0 0 0 29 60 0 88 58 0 56 0 0 0 66 0 0 43 0 0 0 0 0 98 0 0 39 35 0 0 0 0 51 0 0 0 0 0 0 34 0 
55 0 0 9 0 0 0 0 0 0 0 0 0 0 0 0 0 91 17 0 0 0 0 0 5 0 52 0 0 0 0 0 0 23 0 0 52 0 0 0 0 0 0 0 0 18 0 0 64 0 0 0 0 0 13 0 0 0 33 0 0 0 83 92 16 0 0 0 90 24 0 0 0 0 0 65 0 0 0 0 0 0 0 72 0 77 1 0 0 20 0 0 0 0 5 0 0 34 0 42 0 0 0 18 0 0 0 0 0 18 0 0 66 75 0 0 41 0 0 35 0 0 0 0 81 0 0 0 
83 67 0 0 0 0 0 26 0 0 0 84 0 0 0 0 0 0 0 0 0 34 0 95 32 0 0 0 0 0 0 73 0 0 0 34 31 0 0 0 0 75 98 0 0 100 0 0 62 0 0 0 2 0 89 0 0 100 0 0 0 0 15 0 0 15 0 70 0 0 0 0 0 0 0 90 0 0 0 0 0 0 34 30 0 0 0 0 0 0 0 0 0 0 0 73 0 0 82 0 0 0 0 0 45 0 0 0 0 0 32 0 0 0 0 7 0 0 0 0 0 0 0 29 0 0 56 0 
0 77 0 0 0 0 0 51 0 0 0 0 0 0 0 80 0 0 0 0 21 0 0 63 6 0 0 0 0 0 0 0 0 0 96 0 0 0 34 0 63 73 0 18 100 0 22 0 0 0 0 35 0 0 0 0 0 62 0 28 0 0 0 0 0 0 0 0 54 0 0 89 0 0 0 0 0 0 0 0 0 0 0 46 0 0 64 0 0 59 0 0 0 0 0 0 0 0 91 0 99 0 0 0 48 0 26 0 0 0 0 69 0 0 0 0 0 0 0 32 61 0 0 2 0 0 0 95 
85 0 0 0 0 0 28 57 0 0 0 0 0 0 0 0 0 61 43 73 0 0 0 26 0 0 0 0 0 0 0 0 6 82 0 19 0 0 0 99 0 0 0 0 0 22 0 0 0 91 79 0 73 0 34 0 86 0 0 0 18 93 93 67 13 0 0 50 0 0 0 0 0 0 0 0 0 0 0 0 0 0 0 0 0 0 0 39 0 0 0 0 19 0 0 0 59 0 0 0 0 0 0 0 0 0 0 0 19 0 0 0 0 33 0 0 0 11 50 0 0 0 75 0 73 98 0 0 
0 44 0 66 0 67 17 71 0 0 0 93 0 30 0 0 36 0 0 0 0 60 0 0 0 0 0 0 0 0 0 0 0 0 0 37 42 0 0 0 0 0 0 0 0 0 0 0 0 0 0 0 0 0 0 0 0 0 0 45 55 0 0 0 0 0 0 32 0 0 0 0 40 73 8 54 39 0 66 0 0 0 0 83 0 0 0 0 22 0 0 0 0 0 89 0 0 57 86 0 0 0 0 0 0 0 0 0 0 0 0 0 0 0 29 0 0 0 0 0 0 1 72 0 0 0 0 0 
0 0 0 38 41 0 0 92 96 0 0 0 0 92 76 0 0 0 0 73 0 0 0 0 0 0 0 0 0 0 0 0 0 0 0 18 0 31 0 0 0 0 0 64 62 0 0 0 0 0 0 0 0 0 66 39 0 0 0 46 0 0 32 5 0 0 0 90 0 0 97 0 0 0 0 0 0 0 0 0 0 69 0 21 32 44 95 0 0 0 0 0 29 0 89 0 0 0 0 0 0 0 0 0 0 0 0 0 0 0 0 61 0 55 0 0 0 0 0 0 0 0 10 0 0 0 0 0 
0 0 4 40 0 0 0 0 0 47 0 0 64 12 0 0 0 0 0 0 0 98 0 0 74 0 0 54 0 0 22 0 0 0 0 0 45 0 77 22 0 0 0 0 0 0 91 0 0 0 67 0 0 0 0 0 0 0 0 0 0 0 0 82 0 0 66 0 0 0 91 0 0 0 0 6 0 0 0 0 0 0 0 0 63 83 0 0 80 0 0 77 0 0 0 1 0 0 92 26 52 0 0 0 0 33 39 0 19 0 0 0 13 0 0 0 53 0 0 0 0 0 50 0 0 0 0 41 
89 58 0 0 0 0 70 0 74 41 0 0 88 0 68 0 0 37 0 90 0 0 58 0 0 35 53 0 0 0 0 0 0 0 45 0 0 0 0 0 0 16 0 0 0 0 79 0 0 67 0 0 0 41 0 0 0 0 0 0 0 0 0 0 0 0 0 0 0 0 0 0 0 44 0 0 0 0 0 0 83 0 21 0 0 0 0 0 39 69 16 58 49 0 40 0 0 0 0 0 45 0 0 0 15 23 0 0 0 0 0 0 75 0 74 81 0 94 84 0 0 0 0 0 0 0 0 0 
0 0 0 0 0 0 0 0 0 91 0 0 0 0 8 0 1 0 0 0 0 0 0 0 0 0 0 0 0 0 0 0 0 0 0 0 0 96 0 0 89 0 0 0 0 35 0 0 0 0 0 0 34 0 28 0 52 35 0 0 0 77 0 0 0 0 0 0 0 0 0 0 0 0 0 0 0 0 0 0 0 0 0 0 0 0 0 0 0 40 0 0 0 0 0 0 14 16 0 0 0 0 0 0 0 0 43 0 0 0 0 80 0 0 0 35 0 0 0 0 0 92 0 0 0 0 0 92 
0 0 0 35 0 0 0 0 0 0 0 0 0 40 0 0 0 0 0 0 58 0 0 0 0 0 51 0 0 0 0 0 76 0 0 44 0 0 0 40 0 24 0 0 2 0 73 0 0 0 0 34 0 0 0 0 18 0 32 0 17 0 0 0 0 0 100 0 0 0 0 0 0 0 22 0 0 0 0 0 0 0 38 93 0 0 39 45 0 75 0 39 0 0 71 0 0 0 0 0 100 0 0 0 0 0 100 0 0 0 0 8 0 99 0 0 0 0 0 92 0 0 0 0 0 0 42 0 
0 0 0 81 0 55 30 0 0 47 0 0 85 0 0 0 0 0 22 67 80 0 0 0 0 0 0 81 0 0 0 8 78 0 0 0 0 0 0 0 0 0 0 0 0 0 0 0 0 0 41 0 0 0 3 0 0 18 0 0 0 52 97 0 0 0 0 0 0 0 0 0 0 0 0 0 0 0 0 0 0 0 0 0 0 72 0 0 63 0 0 0 0 0 0 0 0 0 62 0 0 0 65 67 0 40 0 0 0 0 0 0 0 0 63 79 0 62 0 0 0 0 0 0 0 8 0 0 
33 0 77 0 41 0 0 0 30 0 0 0 0 0 0 0 87 0 0 0 32 78 77 0 0 0 0 0 0 36 0 0 0 0 0 0 0 0 0 0 70 0 0 13 89 0 34 0 66 0 0 28 0 3 0 74 37 0 98 60 0 0 0 0 40 0 0 97 38 6 0 0 0 0 81 0 0 0 0 0 0 0 0 0 7 0 0 0 65 0 0 0 0 0 0 0 0 0 0 0 0 91 0 36 0 85 95 0 0 0 69 0 0 9 0 40 0 0 0 0 62 24 0 0 0 0 0 41 
38 0 0 0 0 12 0 0 12 0 0 0 0 0 46 0 66 0 0 0 0 0 0 0 0 0 0 0 0 0 0 30 30 0 0 0 0 0 0 0 0 89 0 0 0 0 0 0 39 0 0 0 0 0 74 0 34 0 0 94 0 0 0 0 0 0 0 0 0 0 0 0 0 0 0 47 0 0 37 93 0 1 0 0 0 0 0 0 0 0 32 0 0 0 0 0 0 71 0 0 47 0 0 0 0 21 4 95 78 0 0 80 0 0 0 0 0 0 0 0 0 65 0 0 0 0 0 0 
47 0 0 63 24 0 0 0 0 0 0 0 3 87 28 0 0 0 0 38 45 96 0 0 0 0 0 0 0 0 4 0 0 89 0 0 0 0 86 0 0 77 0 0 0 0 86 0 0 0 0 52 18 0 37 34 0 0 84 30 0 59 0 0 0 0 0 50 75 0 0 0 0 0 0 66 0 0 54 75 0 33 0 0 0 77 0 0 0 0 0 0 0 0 0 0 0 42 0 0 0 0 0 0 50 0 0 0 63 0 0 0 0 0 0 15 0 0 15 0 3 0 0 35 28 19 0 19 
0 0 0 0 23 0 0 0 28 0 0 0 0 73 0 0 0 0 0 0 0 0 0 0 0 69 42 0 0 13 0 0 0 38 0 0 0 0 0 0 0 0 95 0 100 62 0 0 0 0 0 35 0 18 0 0 0 0 83 84 0 0 0 0 0 9 37 0 22 0 0 0 0 0 67 0 11 15 95 0 0 0 0 0 0 0 0 0 0 0 0 0 0 0 0 0 14 0 0 0 0 0 0 0 0 0 0 0 0 0 0 63 13 0 0 73 0 0 0 88 0 0 83 0 0 0 0 0 
43 43 0 0 0 0 41 0 0 0 9 0 0 0 73 0 0 80 0 0 0 0 0 0 0 0 0 0 0 0 0 0 0 36 0 0 14 73 0 52 0 0 0 33 0 0 0 0 0 0 0 0 32 0 98 0 84 83 0 0 0 0 0 0 0 0 0 0 0 48 49 69 0 0 0 17 14 0 0 0 0 0 0 0 0 0 0 0 0 0 0 29 0 0 0 95 0 0 0 45 0 88 0 7 0 0 0 0 97 0 22 0 0 0 0 0 0 0 18 0 96 0 0 0 0 0 0 0 
13 0 0 0 0 85 53 0 0 0 0 0 93 47 0 0 0 0 0 34 0 38 0 0 0 70 0 0 0 0 0 0 0 0 0 0 0 0 0 59 0 0 12 0 0 28 0 45 46 0 0 0 0 0 60 94 30 84 0 0 0 0 0 0 96 0 26 0 0 0 0 0 0 0 0 73 1 50 0 0 0 0 0 0 0 0 0 0 0 0 63 0 0 85 37 70 0 0 0 0 0 56 100 0 0 0 45 0 0 0 0 0 0 0 0 0 0 15 0 74 0 0 0 0 15 0 0 0 
0 0 0 41 0 0 16 0 0 58 0 0 0 0 12 0 0 9 0 0 85 0 0 0 66 0 0 0 0 0 2 0 0 0 0 0 0 65 0 94 0 0 0 0 0 0 18 55 0 0 0 0 17 0 0 0 0 0 0 0 0 71 53 0 0 83 0 0 0 0 95 0 20 0 0 0 0 0 0 0 0 58 0 0 0 0 0 0 0 0 54 0 0 81 91 0 0 16 78 0 0 0 0 0 0 0 0 0 18 0 25 0 0 0 10 0 0 46 0 74 39 0 0 0 26 0 0 0 
0 0 0 0 0 51 0 0 0 0 5 0 62 78 77 0 0 0 0 8 35 0 0 0 0 0 0 0 0 0 43 14 0 0 0 0 0 77 84 34 0 0 0 0 0 0 93 0 0 0 0 77 0 52 0 0 59 0 0 0 71 0 89 0 0 0 0 0 0 0 67 0 0 0 24 0 0 0 10 0 21 0 0 0 0 0 37 0 0 0 0 0 0 0 0 11 0 0 45 0 0 0 21 0 0 0 0 0 12 0 0 0 0 27 53 96 0 0 0 0 0 0 0 0 0 0 0 0 
0 0 0 0 0 30 0 25 56 0 0 0 13 0 0 74 0 0 0 0 42 0 0 0 0 0 0 0 0 0 0 0 8 0 0 0 0 0 0 0 0 0 0 83 15 0 93 0 32 0 0 0 0 97 0 0 0 0 0 0 53 89 0 0 0 0 0 0 0 96 0 55 0 0 13 0 23 0 0 0 0 0 0 0 0 0 52 46 0 0 0 0 75 0 0 0 0 0 0 0 0 32 0 0 0 0 0 46 0 93 0 66 23 37 0 66 40 0 0 0 0 0 0 0 0 0 0 32 
0 88 59 0 53 0 0 0 88 0 0 25 0 0 74 34 0 0 32 53 0 87 95 100 0 0 87 0 62 0 0 87 0 0 0 0 0 0 0 56 49 8 55 92 0 0 67 0 5 82 0 0 0 0 0 0 0 0 0 0 0 0 0 0 73 25 0 30 94 0 98 0 0 69 0 72 0 92 0 18 24 0 45 0 0 0 0 0 0 0 0 0 0 84 0 53 43 59 0 0 0 0 1 0 75 0 0 0 0 0 0 0 0 0 0 0 70 0 0 0 0 0 0 75 0 18 0 0 
0 31 22 0 0 0 0 0 0 0 0 47 0 0 0 0 0 0 0 0 0 0 0 98 0 0 0 0 0 0 0 0 0 0 4 47 0 0 0 0 0 0 0 16 0 0 13 0 0 0 0 0 0 0 40 0 0 0 0 96 0 0 0 73 0 0 8 43 0 0 0 72 0 95 0 0 0 0 0 0 0 45 0 0 0 20 0 0 25 0 0 65 0 0 0 0 0 0 0 0 0 0 30 0 0 0 76 0 0 0 0 0 0 0 0 0 0 0 0 0 0 0 83 0 0 0 0 0 
3 92 0 0 15 0 0 0 0 0 0 0 0 0 0 0 90 94 83 0 52 0 67 0 0 0 0 0 0 0 0 20 68 14 0 0 0 42 24 0 0 0 0 0 15 0 0 0 0 0 0 0 0 0 0 0 0 9 0 0 83 0 0 25 0 0 9 84 0 0 0 40 0 52 0 0 88 14 0 0 0 0 82 0 0 0 0 34 0 5 0 0 0 0 0 0 0 0 0 27 0 0 0 0 0 45 0 0 29 0 0 0 0 0 0 15 0 0 0 30 0 0 0 50 0 0 0 71 
0 0 0 0 0 89 43 9 81 0 0 0 0 0 0 0 0 0 0 0 63 0 0 30 0 21 50 0 17 0 95 59 0 0 0 0 0 35 0 0 56 0 14 0 0 0 0 0 0 66 0 0 100 0 0 0 0 37 0 26 0 0 0 0 8 9 0 0 0 0 9 9 97 72 0 0 68 0 86 0 0 76 0 0 14 0 0 68 32 69 55 0 0 0 0 0 39 92 0 0 0 23 68 0 0 0 0 88 0 86 68 0 0 0 72 0 0 0 0 0 0 52 0 0 46 0 34 0 
21 0 0 0 0 0 0 0 0 0 67 0 0 0 0 0 57 0 0 0 0 0 1 0 0 0 0 12 0 0 13 0 73 0 0 0 0 0 64 0 0 15 0 0 70 0 50 32 90 0 0 0 0 0 97 0 50 0 0 0 0 0 0 30 43 84 0 0 0 0 0 0 0 0 0 0 0 0 0 0 0 0 0 0 36 0 0 0 3 58 0 62 0 0 0 70 7 0 29 0 0 0 0 0 0 0 0 0 0 0 0 0 0 0 0 0 0 0 0 0 0 73 0 0 0 0 0 0 
0 0 0 0 99 0 0 68 0 0 0 0 28 0 0 0 0 0 0 0 0 0 0 0 80 60 0 0 0 0 0 0 0 0 0 0 0 0 0 0 0 10 0 90 0 54 0 0 0 0 0 0 0 0 38 0 75 22 0 0 0 0 0 94 0 0 0 0 0 0 88 23 0 0 56 27 0 81 0 88 0 0 51 0 0 0 3 0 0 0 1 73 0 0 29 0 65 0 33 0 73 0 0 0 0 0 26 0 0 0 1 10 69 18 0 0 0 0 32 22 0 8 0 0 0 0 19 0 
0 0 0 86 0 0 0 0 20 0 98 0 0 0 92 0 0 0 0 0 35 33 37 0 97 0 0 0 24 0 0 0 0 0 0 48 4 0 0 3 0 0 0 24 0 0 0 0 0 0 0 0 0 0 6 0 0 0 48 0 0 0 96 0 0 0 0 0 0 0 0 0 0 0 84 0 73 0 74 72 17 0 79 0 73 7 28 0 0 0 0 0 0 0 0 0 98 86 0 0 0 0 0 89 0 0 77 54 0 0 40 0 0 0 0 93 0 89 5 79 68 0 0 0 0 0 0 30 
0 0 0 1 0 0 0 0 0 0 0 79 15 0 0 0 0 0 0 0 32 49 0 0 0 0 0 41 0 0 0 0 33 0 0 0 0 0 0 0 0 0 0 0 0 0 0 0 97 91 0 0 0 0 0 0 0 0 49 0 95 67 0 98 0 0 9 0 88 0 0 0 0 0 5 0 0 0 0 0 0 49 0 85 0 0 0 0 4 0 57 0 6 0 0 0 0 0 22 0 0 0 0 0 0 0 0 0 0 0 0 0 0 0 93 0 0 0 8 0 0 0 0 0 0 0 0 0 
0 0 0 0 0 85 0 99 0 89 96 0 32 0 0 0 0 0 22 0 0 0 0 70 0 0 0 0 0 37 0 16 0 0 0 0 6 0 0 42 90 0 20 0 0 89 0 0 0 0 0 0 0 0 0 0 0 0 69 0 0 0 55 0 72 40 9 0 23 0 0 0 0 62 0 0 0 0 9 0 94 0 0 84 0 0 0 0 93 0 0 0 86 0 0 0 0 0 0 43 0 0 0 0 99 0 0 0 0 0 0 50 0 32 44 55 0 0 0 62 0 81 0 0 93 0 0 0 
0 0 0 76 44 0 0 0 0 29 0 0 0 20 0 0 19 0 0 0 0 0 85 38 0 0 0 15 0 17 0 0 0 0 40 0 0 0 0 0 0 0 2 0 0 0 0 40 0 0 0 0 0 0 0 0 0 0 0 0 20 0 0 0 0 0 97 0 0 0 0 0 0 0 0 0 28 0 36 0 0 8 0 0 0 0 0 0 0 0 0 0 25 0 92 8 0 84 0 0 0 0 64 0 0 59 0 0 11 0 0 0 0 0 83 0 0 0 14 0 0 96 77 0 0 0 0 0 
0 0 72 0 0 0 0 80 0 0 0 0 0 76 60 0 0 17 0 0 0 92 0 0 0 0 3 0 24 0 0 0 0 7 0 0 0 7 50 0 0 0 88 0 0 0 0 73 0 0 44 0 0 0 0 0 0 0 0 0 0 0 0 69 95 52 72 0 0 0 0 62 0 0 0 0 0 0 0 0 0 0 0 0 0 19 0 0 0 0 0 0 0 70 0 0 0 0 0 0 0 54 0 0 0 67 0 0 0 0 0 81 0 0 88 70 0 0 23 0 0 39 0 0 0 0 82 0 
33 0 0 71 89 0 0 0 0 0 0 0 0 0 0 89 9 0 0 0 0 0 0 10 0 0 0 60 0 39 0 0 11 0 0 0 19 0 0 0 0 0 95 0 0 0 0 8 0 0 0 0 22 0 81 0 0 67 0 0 0 24 13 0 0 0 0 0 56 84 5 0 0 0 0 0 0 0 85 0 0 0 0 0 0 0 0 0 0 95 0 28 0 0 0 0 0 19 49 66 0 0 8 89 0 54 21 0 0 0 55 0 0 1 42 0 0 54 0 0 0 0 0 93 0 0 0 32 
0 77 0 24 0 100 100 0 9 0 0 0 20 0 0 0 0 0 0 0 0 0 37 0 0 22 0 0 0 0 0 19 82 0 0 49 0 0 0 0 0 0 0 65 90 0 0 54 0 6 0 0 0 0 0 47 66 0 17 73 0 0 0 72 0 0 0 0 27 0 0 0 0 0 0 0 0 0 82 0 0 0 0 73 0 0 2 0 4 0 0 0 0 48 18 0 0 0 69 0 0 0 0 60 0 0 0 0 33 92 0 0 78 16 0 0 0 0 0 0 95 0 0 0 0 72 0 0 
0 37 0 0 0 0 0 0 0 0 0 84 0 0 0 0 0 14 0 0 8 0 0 0 0 0 0 0 62 0 0 0 13 0 27 0 0 0 0 49 0 0 0 0 0 0 0 39 0 0 0 0 0 0 0 0 0 11 14 1 0 0 23 0 0 88 68 0 0 73 0 0 28 0 0 0 0 8 50 0 0 0 53 0 0 0 0 90 0 0 0 0 0 0 0 86 49 0 0 50 46 0 0 54 0 0 0 83 0 0 19 0 0 0 0 0 0 0 0 0 0 0 8 0 36 0 0 0 
0 29 0 0 0 0 0 59 16 0 0 0 0 0 80 0 0 0 0 0 0 0 97 40 0 72 98 0 0 0 0 0 0 0 0 0 0 0 58 28 0 0 0 0 0 0 0 0 0 0 0 0 0 0 0 0 0 15 0 50 0 0 0 92 0 14 0 0 81 0 0 0 0 0 0 0 8 0 0 58 0 5 0 4 0 0 0 98 0 0 0 0 0 0 38 88 0 0 0 0 83 29 0 0 0 14 0 34 30 0 0 80 70 0 0 0 0 86 0 0 0 69 0 0 99 0 20 73 
0 0 0 49 0 0 51 0 92 4 19 0 79 79 0 0 13 0 0 0 0 0 0 0 0 0 5 78 0 0 0 0 4 0 38 0 0 0 0 10 62 0 0 0 0 0 0 66 0 0 0 0 0 0 0 37 54 95 0 0 0 10 0 0 0 0 86 0 0 74 0 9 36 0 85 82 50 0 0 0 0 0 0 0 0 0 0 0 82 0 0 0 0 0 17 0 0 47 0 0 47 0 55 34 26 0 29 0 0 0 0 0 0 0 0 0 0 0 54 0 0 0 16 0 0 37 0 0 
97 0 0 0 0 19 0 0 0 0 0 0 0 0 85 0 0 0 0 0 0 36 38 0 0 100 0 75 0 13 70 74 0 51 0 0 0 0 0 99 0 0 0 0 0 0 0 0 0 0 0 0 0 0 0 93 75 0 0 0 0 0 0 18 0 0 0 0 88 72 0 0 0 0 0 0 0 58 0 0 0 0 72 0 0 21 69 0 0 10 0 55 0 0 0 0 0 78 0 0 0 0 0 79 0 0 49 0 0 0 0 4 0 0 0 71 0 0 52 21 0 88 0 0 57 0 0 20 
37 0 0 0 0 80 0 0 32 0 0 0 16 29 0 82 0 0 0 0 0 92 0 11 93 0 0 0 0 37 64 0 0 0 61 86 0 0 0 0 0 0 0 0 0 0 0 0 0 0 83 0 0 0 0 0 0 0 0 0 0 21 0 24 0 0 0 0 0 17 0 94 0 0 0 0 0 0 0 0 0 0 17 0 0 0 0 0 0 0 0 0 42 91 0 0 54 0 0 79 0 0 0 21 4 0 0 80 0 0 17 65 0 0 12 0 0 0 0 0 27 0 0 0 58 0 14 0 
0 95 11 0 0 0 0 29 0 0 0 69 0 0 0 0 0 0 0 0 0 0 0 0 0 0 0 31 0 0 0 88 0 0 90 55 0 0 88 0 0 50 0 0 0 0 0 0 69 0 0 0 0 0 0 1 33 0 0 0 58 0 0 0 45 0 76 0 0 0 49 0 8 0 0 0 0 5 0 0 0 0 57 0 0 0 0 3 0 0 81 0 0 0 0 0 49 0 0 12 0 0 0 0 0 86 0 0 0 94 0 0 0 0 75 0 0 6 66 0 0 13 0 0 0 0 97 0 
0 3 0 86 0 0 0 0 0 0 30 0 7 0 0 0 0 0 0 0 0 0 0 63 0 58 0 73 0 0 0 0 0 99 0 0 0 0 0 0 99 0 0 0 34 0 0 0 0 0 21 0 38 0 0 0 0 0 0 0 0 0 0 45 0 82 0 0 51 79 0 0 0 0 0 0 53 0 0 72 17 57 0 53 68 0 0 0 0 0 25 44 98 0 0 0 0 0 13 0 79 0 0 0 0 0 0 0 11 0 0 0 0 0 0 0 0 0 55 0 7 0 0 0 0 9 0 0 
0 0 91 0 69 0 0 0 0 0 29 0 41 86 0 44 53 0 0 0 0 29 0 0 0 0 47 0 56 0 0 36 0 0 0 0 68 0 0 29 0 0 94 72 30 46 0 83 21 0 0 0 93 0 0 0 0 0 0 0 0 0 0 0 0 0 0 0 0 0 85 84 0 0 0 73 0 4 0 0 0 0 53 0 0 0 0 0 82 64 0 0 0 0 0 0 0 56 0 0 0 0 0 0 0 0 29 0 68 99 22 0 0 0 0 0 0 0 0 0 85 0 98 0 99 0 83 0 
0 0 0 0 0 53 0 74 72 0 0 0 0 0 0 0 0 0 0 0 0 0 0 0 0 0 0 47 0 11 0 8 0 42 0 42 0 0 0 0 0 0 0 0 0 0 0 0 32 63 0 0 0 0 7 0 0 0 0 0 0 0 0 0 0 0 14 36 0 73 0 0 0 0 0 0 0 0 0 0 0 0 68 0 0 0 0 22 0 0 44 0 92 99 0 0 0 3 0 6 0 0 0 0 0 0 0 0 0 63 0 0 0 0 0 0 16 86 0 0 79 0 75 0 0 49 0 0 
0 0 0 0 0 67 0 0 0 17 0 0 0 0 1 0 0 0 60 70 23 0 0 81 18 0 30 0 0 24 0 0 0 0 0 0 0 49 0 0 0 0 0 77 0 0 0 0 44 83 0 0 0 72 0 0 77 0 0 0 0 0 0 0 20 0 0 0 0 7 0 0 0 19 0 0 0 0 0 21 0 0 0 0 0 0 62 0 0 0 14 0 0 0 0 0 0 98 0 0 0 0 0 0 0 0 0 0 0 27 37 0 0 0 16 0 0 0 0 56 0 0 0 0 78 0 0 0 
0 0 0 78 0 0 0 75 0 0 0 0 60 0 0 0 0 0 0 0 0 0 100 0 0 0 0 26 0 17 0 82 0 46 72 0 0 77 52 0 0 0 59 1 0 64 0 0 95 0 0 0 39 0 0 0 0 0 0 0 0 37 52 0 0 0 0 0 3 28 0 0 0 0 0 2 0 0 0 69 0 0 0 0 0 62 0 0 0 0 0 0 0 0 0 0 0 0 0 0 0 89 0 0 32 0 0 12 0 0 0 0 32 0 0 68 0 0 0 0 81 0 0 0 0 0 19 99 
0 2 0 0 0 0 0 94 0 30 0 0 0 3 30 73 0 0 1 0 0 0 0 0 0 0 0 68 0 82 49 64 0 0 0 5 0 0 0 82 5 0 0 0 0 0 39 0 0 0 0 0 45 0 0 0 0 0 0 0 0 0 46 0 0 34 68 0 0 0 0 0 0 0 0 0 90 98 0 0 0 3 0 0 22 0 0 0 0 26 32 0 0 0 0 0 0 0 0 0 0 83 61 0 0 42 43 76 0 0 96 0 0 0 0 0 17 0 57 0 8 0 0 0 0 0 0 0 
0 0 61 0 0 0 0 0 0 0 82 0 0 0 80 0 82 95 0 0 0 0 0 2 0 0 0 81 0 0 0 77 0 0 95 52 0 0 57 25 0 0 0 0 0 0 0 22 0 80 39 0 0 63 65 0 0 0 0 0 0 0 0 0 25 0 32 3 0 0 4 93 0 0 0 4 0 0 82 0 0 0 0 82 0 0 0 0 0 0 0 0 70 0 0 0 53 54 57 33 0 32 0 0 0 26 0 33 0 0 73 0 0 0 0 0 28 0 0 99 0 0 0 68 0 17 0 2 
0 0 0 0 0 35 62 0 0 0 0 0 0 0 59 0 0 0 0 0 0 0 45 83 0 0 0 5 0 0 0 0 89 0 0 0 0 0 0 0 47 74 0 20 0 59 0 0 0 0 69 40 75 0 0 0 0 0 0 0 0 0 0 0 0 5 69 58 0 0 0 0 0 0 95 0 0 0 0 10 0 0 0 64 0 0 0 26 0 0 0 43 0 0 0 100 0 0 33 19 0 0 24 74 95 30 0 0 13 0 0 0 0 82 0 0 0 0 0 0 43 88 0 0 0 0 0 0 
0 0 0 0 0 0 77 40 0 70 0 0 0 38 0 0 0 42 0 50 0 0 0 0 0 0 0 14 0 0 0 0 0 0 0 0 0 0 0 0 0 0 0 0 0 0 0 0 0 0 16 0 0 0 0 32 0 0 0 63 54 0 0 0 0 0 55 0 1 0 57 0 0 0 0 0 0 0 0 0 0 81 25 0 44 14 0 32 0 0 0 0 42 0 0 0 0 0 0 0 59 0 70 0 0 95 33 51 33 0 0 67 0 0 63 0 0 0 47 0 0 0 48 0 0 35 53 0 
0 0 0 0 0 0 0 0 0 0 0 0 0 0 0 0 95 39 0 0 0 31 0 0 0 32 0 0 0 0 5 58 0 75 11 0 0 0 0 0 0 52 29 0 0 0 0 0 0 77 58 0 39 0 0 0 0 0 29 0 0 0 0 0 65 0 0 62 73 0 0 0 0 0 28 0 0 0 0 55 0 0 44 0 0 0 0 0 0 43 0 0 0 0 0 0 0 0 0 0 0 0 0 65 0 0 0 42 0 10 0 67 5 65 0 0 100 0 74 0 0 0 0 0 0 0 0 0 
0 0 100 0 0 0 0 18 46 50 6 0 0 0 0 0 30 74 0 0 0 1 0 0 0 29 0 0 0 0 0 6 0 0 0 0 0 37 43 0 2 0 60 0 0 0 19 0 29 0 49 0 0 0 0 0 0 0 0 0 0 0 75 0 0 0 0 0 0 0 6 86 25 0 0 0 0 0 0 0 42 0 98 0 92 0 0 0 70 0 42 0 0 0 41 0 0 52 0 0 0 0 0 0 90 0 0 0 0 0 0 0 27 0 0 0 0 0 0 0 0 0 0 0 0 0 0 0 
69 0 26 0 58 0 0 0 97 0 0 76 0 10 0 0 0 48 74 0 0 0 0 0 0 37 40 0 0 0 0 0 0 0 24 10 0 0 0 0 0 20 0 0 0 0 0 0 0 0 0 0 0 0 0 0 0 0 0 85 81 0 0 84 0 0 0 0 0 0 0 0 0 70 0 48 0 0 0 0 91 0 0 0 99 0 0 0 0 0 0 0 0 0 0 0 0 0 36 0 0 0 0 0 0 0 0 0 0 25 0 0 0 0 0 0 59 0 0 99 0 0 0 0 0 84 0 94 
0 98 0 0 0 0 0 0 0 0 0 100 0 0 22 63 0 72 0 0 74 0 0 0 21 56 0 0 0 5 0 87 0 0 42 0 0 0 81 76 0 28 88 5 0 0 0 89 89 0 40 0 71 0 0 0 0 0 0 37 91 0 0 0 0 0 0 0 29 0 0 0 92 0 0 18 0 38 17 0 0 0 0 0 0 0 0 0 0 0 0 0 41 0 0 0 52 0 59 0 26 0 0 0 0 0 0 0 92 0 0 0 0 80 62 0 0 0 0 0 0 0 0 56 0 0 97 0 
0 0 19 0 81 0 0 0 0 0 0 33 0 0 0 0 69 0 83 0 0 0 0 0 63 0 0 57 0 0 27 93 0 0 0 0 0 72 0 0 0 87 58 0 73 0 0 0 0 1 0 0 0 0 0 0 0 0 95 70 0 11 0 53 0 0 0 70 0 0 0 0 8 0 0 0 86 88 0 0 0 0 0 0 0 0 0 0 0 100 0 0 0 0 0 0 0 13 0 0 32 0 0 83 0 0 0 0 71 0 62 0 0 0 68 0 0 0 0 0 0 0 0 0 58 0 46 0 
27 62 0 59 0 0 0 0 88 0 0 0 0 0 24 96 0 0 18 0 0 0 0 13 0 15 84 0 0 31 82 0 0 0 0 0 0 0 0 0 0 0 0 0 0 0 59 0 0 0 0 14 0 0 0 0 0 14 0 0 0 0 0 43 0 0 39 7 65 98 0 0 0 0 0 0 49 0 0 0 54 49 0 0 0 0 0 0 53 0 0 0 0 0 52 0 0 0 0 0 0 87 0 72 49 8 0 0 78 0 0 0 92 0 1 78 0 0 0 0 0 0 0 0 0 0 0 30 
0 0 0 0 79 0 0 0 2 0 0 0 0 91 48 0 0 0 25 69 0 0 0 0 0 0 0 0 0 0 61 0 0 0 0 0 0 0 89 0 0 0 56 34 0 0 0 57 0 0 0 16 0 0 0 71 42 0 0 0 16 0 0 59 0 0 92 0 0 86 0 0 84 0 19 0 0 0 47 78 0 0 0 56 3 98 0 0 54 0 0 0 52 0 0 13 0 0 0 0 0 0 0 0 0 0 0 89 0 0 0 0 0 0 0 0 55 0 0 0 0 0 45 33 0 0 59 0 
56 0 0 0 0 0 0 0 0 0 0 0 0 0 0 0 100 0 0 98 0 80 0 0 0 0 0 0 0 0 0 0 0 49 0 0 0 21 0 0 66 0 0 0 82 91 0 86 0 92 0 0 0 62 0 0 0 0 0 0 78 45 0 0 0 0 0 29 33 0 22 0 0 0 49 69 0 0 0 0 0 0 13 0 0 0 0 0 57 33 0 0 0 36 59 0 0 0 0 0 69 17 58 0 0 0 56 0 72 0 72 0 0 74 0 0 0 18 69 0 0 0 0 96 0 0 0 72 
0 0 0 81 0 0 0 0 71 0 0 88 51 0 0 24 0 0 0 0 0 0 0 0 0 0 0 0 0 0 28 0 0 0 0 0 4 0 0 38 0 0 0 42 0 0 0 0 0 26 0 0 0 0 0 0 0 0 45 0 0 0 0 0 0 27 0 0 0 0 0 43 0 0 66 0 50 0 0 0 79 12 0 0 6 0 0 0 33 19 0 0 0 0 0 0 0 0 0 0 0 0 0 38 0 0 0 0 0 0 0 0 0 0 0 0 0 0 0 0 73 50 0 0 0 0 0 0 
85 0 0 21 0 0 0 61 0 0 0 0 6 0 43 65 21 0 0 0 59 35 0 0 0 0 0 0 0 27 45 71 0 0 0 0 20 0 90 0 0 22 0 0 0 99 0 0 0 52 45 0 100 0 0 47 0 0 0 0 0 0 0 0 0 0 0 0 73 0 0 0 0 0 0 0 46 83 47 0 0 0 79 0 0 0 0 0 0 0 59 0 0 0 26 32 0 0 69 0 0 0 0 0 0 0 0 0 0 0 42 0 0 0 0 0 0 0 8 0 26 0 0 0 0 92 17 53 
0 0 0 44 0 0 0 0 0 0 81 3 94 0 0 0 76 0 45 6 0 0 0 0 0 0 0 50 67 0 61 84 0 98 0 0 0 0 21 0 0 0 66 0 0 0 0 0 0 0 0 0 0 0 91 0 0 0 88 56 0 0 32 0 0 0 23 0 0 0 0 0 0 54 0 0 0 29 0 0 0 0 0 0 0 0 89 83 32 0 0 0 0 0 0 0 87 0 17 0 0 0 0 0 0 0 0 0 0 0 78 4 0 0 42 0 74 0 0 0 0 0 0 0 50 0 0 33 
53 75 27 0 98 0 96 0 0 0 82 4 31 0 0 0 0 0 0 50 0 0 0 54 26 0 0 18 0 69 26 0 0 0 0 0 0 0 0 0 0 0 0 0 0 0 0 0 0 0 0 0 0 65 0 0 0 0 0 100 0 21 0 1 30 0 68 0 0 0 0 0 64 0 8 0 0 0 55 0 0 0 0 0 0 0 0 61 0 24 70 0 0 0 0 0 0 0 58 0 0 0 0 6 0 0 0 89 0 0 0 0 0 0 0 17 64 0 0 0 0 0 0 0 0 0 0 0 
0 0 88 70 68 0 0 0 13 0 0 0 8 0 0 0 0 0 0 0 54 28 18 0 0 36 0 0 0 0 0 32 0 25 0 29 0 0 0 0 0 62 0 18 0 0 0 0 0 0 0 0 0 67 36 0 0 0 7 0 0 0 0 0 0 0 0 0 0 89 0 0 0 0 89 60 54 0 34 79 21 0 0 0 0 0 0 0 0 74 0 65 0 0 0 83 72 0 0 38 0 0 6 0 0 35 97 0 0 0 0 0 0 0 22 2 94 71 12 0 0 70 0 0 86 0 0 38 
31 0 0 41 0 0 27 0 0 0 0 0 0 0 59 0 0 0 0 0 79 0 0 0 73 0 0 51 0 0 0 0 61 0 0 0 0 47 0 0 67 29 43 0 45 48 0 0 0 0 15 0 0 0 0 0 50 0 0 0 0 0 0 75 0 0 0 0 0 0 0 99 0 0 0 0 0 0 26 0 4 0 0 0 0 0 32 0 0 95 0 0 90 0 0 0 49 0 0 0 0 0 0 0 0 0 0 4 0 0 0 0 0 0 0 0 11 0 0 0 1 0 0 0 4 0 0 0 
0 0 34 0 0 0 0 41 0 0 4 0 0 0 0 34 14 0 0 84 0 0 0 0 0 0 0 0 30 0 0 0 0 0 71 0 0 57 0 0 0 0 0 0 0 0 0 0 0 33 23 0 0 40 85 21 0 0 0 0 0 0 0 0 0 45 0 0 0 0 0 0 59 67 54 0 0 14 0 0 0 86 0 0 0 0 0 42 26 30 95 0 0 0 0 0 8 0 0 0 0 0 0 35 0 0 33 0 0 0 0 1 0 0 0 75 0 0 0 0 0 0 0 0 0 0 0 18 
0 38 0 0 0 0 0 74 84 0 0 0 0 68 0 0 0 2 0 0 0 0 0 0 0 15 44 0 0 0 0 57 57 0 0 0 0 0 0 0 0 0 0 0 0 26 0 0 0 39 0 43 100 0 95 4 0 0 0 45 0 0 0 0 76 0 0 0 26 77 0 0 0 0 21 0 0 0 29 49 0 0 0 29 0 0 0 43 0 0 33 0 0 0 0 0 0 0 56 0 0 0 0 97 0 33 0 97 9 0 0 6 0 0 98 0 45 0 0 0 0 0 0 0 0 0 0 0 
31 0 0 7 10 0 87 92 0 0 0 63 0 0 0 100 0 0 0 96 0 0 0 0 0 0 0 90 0 0 0 0 62 0 0 0 0 26 0 0 0 0 0 0 0 0 0 0 0 0 0 0 0 0 0 95 0 0 0 0 0 0 46 0 0 0 88 0 0 54 0 0 0 0 0 0 83 34 0 0 80 0 0 0 0 0 12 76 33 0 51 42 0 0 0 0 0 89 0 0 0 0 89 0 4 0 97 0 0 0 0 62 0 66 0 7 47 0 0 0 0 24 0 0 0 0 0 0 
12 49 0 0 39 0 0 0 21 0 0 0 0 0 8 0 0 98 0 37 0 21 0 0 0 0 0 0 0 0 0 0 28 63 0 0 53 0 0 0 0 0 0 0 0 0 19 0 0 19 0 0 0 0 0 78 63 0 97 0 18 12 0 0 0 29 0 0 0 0 0 0 11 0 0 33 0 30 0 0 0 0 11 68 0 0 0 0 0 13 33 0 0 0 92 71 78 0 72 0 0 0 0 0 0 0 9 0 0 0 0 0 0 0 0 0 0 0 77 0 0 0 15 41 0 0 0 0 
0 0 0 0 0 0 0 0 0 28 0 0 0 42 0 0 0 0 84 55 0 0 0 0 0 0 0 85 0 0 0 0 0 78 24 0 0 0 9 95 0 0 0 18 0 0 0 0 0 0 0 0 0 0 0 0 0 0 0 0 0 0 93 0 0 0 86 0 0 0 0 0 0 0 0 92 0 0 0 0 0 94 0 99 63 27 0 0 0 0 0 10 0 25 0 0 0 0 0 0 0 0 0 0 0 0 0 0 0 0 0 80 23 0 43 99 0 0 57 0 77 0 0 12 30 0 69 88 
0 0 0 0 0 0 0 24 0 29 0 0 0 0 46 0 26 0 0 0 0 0 0 53 0 0 69 0 47 49 0 0 54 0 0 0 92 0 0 0 0 0 98 0 32 0 0 0 0 0 0 0 0 0 69 0 0 0 22 0 25 0 0 0 0 0 68 0 1 40 0 0 0 0 55 0 19 0 0 0 17 0 0 22 0 37 0 96 73 0 0 0 0 0 0 62 0 0 72 0 42 78 0 0 0 0 0 0 0 0 0 19 0 0 0 0 25 70 96 0 0 0 0 0 82 0 0 0 
0 99 0 0 0 0 0 0 76 73 0 7 0 0 0 0 0 0 0 0 0 10 59 0 61 0 0 0 0 0 0 0 42 0 35 61 34 11 0 17 0 0 0 0 0 69 0 0 61 0 0 80 8 0 0 80 0 63 0 0 0 0 66 0 0 0 0 0 10 0 0 50 0 81 0 0 0 80 0 4 65 0 0 0 0 0 0 0 0 0 67 67 0 0 0 0 0 0 0 0 0 4 0 0 0 1 6 62 0 80 19 0 58 0 0 0 0 0 5 0 69 0 0 0 0 0 42 39 
0 0 0 0 0 67 0 0 0 0 46 67 0 0 41 0 0 0 59 0 0 60 35 83 52 0 0 0 0 0 83 0 71 0 0 0 0 30 0 0 0 0 0 66 0 0 0 0 0 13 75 0 0 0 0 0 0 13 0 0 0 0 23 0 0 0 0 0 69 0 0 0 0 0 0 78 0 70 0 0 0 0 0 0 0 0 32 0 0 0 0 5 27 0 0 0 92 0 0 0 0 0 0 0 0 0 0 0 0 23 0 58 0 0 0 0 0 0 0 0 0 27 0 0 0 0 0 0 
0 0 0 0 0 0 0 0 0 0 0 0 0 0 0 0 0 0 0 67 0 0 0 31 0 67 0 0 0 0 21 82 0 0 0 2 0 0 24 14 0 0 39 75 0 0 33 0 55 0 0 0 99 0 9 0 0 0 0 0 0 27 37 0 0 0 0 0 18 0 0 32 0 0 1 16 0 0 0 0 0 0 0 0 0 0 0 0 0 82 0 65 0 0 80 0 0 0 74 0 0 0 0 0 0 0 0 66 0 0 0 0 0 0 0 0 0 0 0 63 0 0 0 0 0 1 0 67 
0 86 86 99 0 96 0 41 0 0 50 0 69 0 0 0 0 0 0 0 0 0 97 0 0 0 0 0 0 0 0 0 0 0 17 0 44 0 0 86 0 0 35 0 0 0 0 29 0 0 74 0 0 63 0 0 0 0 0 0 10 53 0 0 0 0 72 0 0 0 93 44 83 88 42 0 0 0 0 0 12 75 0 0 0 16 0 0 0 0 63 0 0 0 62 68 1 0 0 0 0 42 0 22 0 0 98 0 0 43 0 0 0 0 0 94 0 18 0 59 0 0 0 36 0 0 0 0 
0 97 53 0 41 0 0 0 0 0 0 0 0 0 83 0 0 5 0 0 0 0 0 0 0 53 25 0 0 0 0 0 0 0 0 32 0 0 0 57 78 0 0 0 7 0 0 0 0 0 81 35 0 79 40 0 15 73 0 0 0 96 66 0 0 15 0 0 0 93 0 55 0 70 0 0 0 0 0 71 0 0 0 0 0 0 68 0 0 0 0 0 0 0 0 0 78 0 0 0 0 0 17 2 0 75 0 7 0 99 0 0 0 0 94 0 0 0 0 0 90 99 0 0 0 0 0 0 
57 17 0 0 39 0 0 0 95 69 0 0 23 71 0 81 0 0 0 33 0 0 0 0 0 0 0 78 0 0 36 59 0 52 0 22 53 0 0 74 25 0 0 41 0 0 0 0 0 53 0 0 0 0 0 0 0 0 0 0 0 0 40 70 0 0 0 0 0 0 0 0 0 0 0 0 0 0 0 0 0 0 0 0 16 0 0 17 28 0 0 100 0 59 0 0 0 55 0 0 0 74 64 94 11 0 45 47 0 0 25 0 0 0 0 0 0 0 0 76 0 0 0 0 0 4 0 0 
79 0 0 0 0 100 81 0 41 23 0 0 9 4 0 65 0 0 0 0 0 0 0 71 0 0 0 0 0 0 0 0 37 0 0 0 0 91 0 86 15 0 0 0 0 0 11 0 0 0 94 0 0 62 0 0 0 0 0 15 46 0 0 0 0 0 0 0 0 89 0 0 0 0 54 0 0 86 0 0 0 6 0 0 86 0 0 0 0 0 0 0 0 0 0 0 0 0 18 0 0 0 0 71 0 0 0 0 0 0 70 0 0 0 18 0 0 0 70 0 0 0 0 78 0 0 0 90 
0 0 0 0 0 0 0 0 34 66 0 82 0 0 0 20 13 0 87 35 0 0 49 0 0 45 0 0 0 0 0 0 20 0 0 0 17 65 0 0 0 0 0 0 0 0 50 0 0 0 84 0 0 0 0 0 15 0 18 0 0 0 0 0 0 0 0 0 32 5 8 0 14 23 0 0 0 0 54 52 0 66 55 0 0 0 0 57 0 0 47 74 0 0 0 0 0 0 69 0 8 0 0 12 0 0 0 0 77 57 96 5 0 0 0 0 0 70 0 0 0 0 79 0 0 23 0 71 
0 56 77 0 0 0 0 0 0 0 0 0 0 100 0 87 57 11 82 0 0 0 0 0 0 0 70 0 0 0 0 0 0 0 0 0 0 0 0 0 22 82 51 35 0 32 0 0 0 0 0 0 92 0 0 0 0 88 0 74 74 0 0 0 0 30 0 0 22 79 0 62 0 0 0 0 0 0 0 21 0 0 0 0 0 56 0 0 99 0 0 0 0 99 0 0 0 0 0 0 0 0 0 0 0 0 0 0 0 0 0 0 0 63 59 0 76 0 0 0 0 0 77 0 0 0 20 0 
0 53 0 9 0 0 0 0 0 0 68 0 0 0 0 0 70 0 0 0 55 0 0 71 57 49 55 0 0 0 93 0 0 0 5 0 0 0 0 0 77 0 0 0 0 61 0 0 0 0 0 0 0 0 62 0 3 0 96 0 39 0 0 0 0 0 0 0 0 68 0 0 0 0 0 95 0 0 0 0 27 0 7 85 79 0 81 8 0 43 0 0 0 0 0 0 0 0 0 73 26 0 0 0 1 0 0 0 0 77 0 69 0 0 0 90 0 0 0 0 0 0 0 72 79 0 0 31 
0 0 0 0 0 0 0 0 0 0 0 0 100 0 74 0 0 0 0 19 60 0 0 0 57 0 0 0 0 0 0 0 0 0 0 0 0 0 0 0 0 0 0 0 0 0 0 1 0 0 0 92 0 0 24 65 0 0 0 0 0 0 0 0 0 0 52 73 8 0 0 81 96 39 0 0 0 69 0 88 0 13 0 0 0 0 0 0 0 88 0 0 0 0 0 0 0 0 0 50 0 0 0 70 0 0 0 24 0 0 0 0 27 0 0 99 0 0 0 0 0 0 64 0 40 44 0 0 
0 0 0 0 0 0 0 0 35 0 0 58 14 0 0 0 33 0 0 0 0 0 0 69 0 0 0 0 0 99 74 0 0 0 0 0 0 0 68 3 91 0 0 0 0 0 75 72 10 50 0 0 0 0 0 0 0 83 0 0 0 0 0 0 83 0 0 0 0 0 0 0 77 0 0 0 8 0 16 0 0 0 0 98 75 0 0 0 0 0 48 0 0 0 0 0 0 45 0 0 0 0 0 0 0 0 0 0 15 0 0 0 0 0 0 0 0 0 79 77 0 64 0 0 0 0 0 0 
0 0 0 0 0 0 0 0 61 75 40 0 0 14 0 0 81 19 0 0 0 0 71 51 0 0 0 0 18 49 0 0 0 0 0 0 0 0 0 17 69 0 0 0 29 2 0 0 0 0 0 0 0 0 0 0 35 0 0 0 0 0 0 75 0 50 0 0 0 0 0 0 0 0 93 0 0 0 0 0 0 0 0 0 0 0 0 0 68 0 0 0 0 0 56 0 0 33 96 0 0 0 0 0 0 0 0 0 41 12 0 0 0 0 36 0 0 78 0 0 72 0 0 0 13 0 0 0 
0 11 0 0 0 0 0 57 0 20 0 0 33 0 0 0 12 0 0 0 0 75 0 0 0 0 0 0 4 0 55 0 0 88 89 0 0 0 0 0 0 0 0 81 0 0 73 0 0 0 0 0 0 0 0 0 28 0 0 15 26 0 0 0 0 0 46 0 0 0 0 93 0 0 0 0 36 99 0 57 58 0 0 99 0 78 0 0 0 0 0 0 0 0 0 58 0 0 0 0 0 50 0 86 4 0 0 0 0 30 82 0 0 0 0 0 0 0 0 0 79 40 0 13 0 89 0 0 
82 0 88 0 0 0 0 0 0 0 0 0 0 0 0 0 0 0 0 0 0 0 27 0 60 0 18 0 0 0 67 0 0 1 63 0 0 38 0 0 0 81 0 0 0 0 98 0 0 0 0 0 0 8 0 0 19 0 0 0 0 0 0 18 0 0 0 0 0 0 0 0 0 0 0 72 0 0 37 0 0 0 9 0 49 0 0 0 17 0 35 0 0 84 0 0 0 0 0 0 92 0 0 0 0 0 0 0 0 0 0 0 0 1 0 0 4 0 23 0 0 44 0 0 89 0 24 0 
40 0 0 0 14 0 0 0 0 0 0 0 0 56 0 0 0 100 0 0 0 0 0 0 0 0 24 0 0 92 0 0 0 70 0 0 0 0 24 0 0 13 34 0 56 0 0 0 0 0 0 0 42 0 0 0 0 0 0 0 0 0 0 0 0 0 34 0 19 0 0 0 0 82 0 0 0 20 0 0 14 97 0 83 0 0 19 0 0 0 53 0 0 0 97 46 0 59 0 0 17 0 0 0 0 0 0 0 0 69 0 42 0 0 0 0 0 0 0 20 0 0 0 0 0 24 0 0 
0 0 0 49 0 0 5 20 0 11 0 0 21 0 0 0 0 49 0 0 0 37 0 59 0 0 0 91 0 0 34 0 0 27 0 4 0 0 0 0 0 17 0 0 0 95 0 0 0 41 0 92 0 0 41 0 19 0 0 0 0 0 32 0 0 71 0 0 0 30 0 0 0 0 32 0 0 73 0 20 0 0 0 0 0 0 99 0 2 0 0 0 0 94 0 0 30 0 72 0 53 33 0 38 0 18 0 0 0 88 0 39 0 67 0 0 0 90 71 0 31 0 0 0 0 0 0 0 